1 6 3658 3634 3628 778 71 3463 
1 7 3463 2640 3569 3573 3577 3579 3581 
2 8 3581 2470 3596 1511 3617 3642 2734 166 
4 5 166 3730 3431 3760 1004 
4 7 1004 3795 624 193 1680 3822 1578 
3 5 1578 3822 1680 3835 3830 
4 5 1578 1072 2215 3826 3819 
1 4 3819 3809 3799 3207 
1 2 3207 2708 
1 8 3658 1279 2592 3743 3758 2455 3781 3207 
1 8 3658 1279 3695 853 3715 3706 3711 259 
1 8 3207 796 3789 1527 3786 3780 1750 3517 
1 8 164 1202 386 295 3800 688 670 3517 
1 4 164 1202 609 798 
1 3 3658 2939 2220 
3 9 259 1656 3703 3659 913 3631 470 2237 2070 
1 5 2070 614 3574 248 9311 
1 5 2220 2877 3086 1735 3598 
1 6 2070 3568 629 1224 68 1800 
1 6 164 520 1176 282 59 882 
1 8 798 1854 3709 1057 3648 1965 2237 2070 
1 6 798 1601 653 3663 62 9311 
1 5 3819 1549 3170 3849 1466 
1 9 882 1237 1280 1402 406 1331 254 2293 718 
1 8 718 856 3295 971 3383 3050 4172 4198 
1 4 3746 1099 2782 275 
1 10 275 1157 671 734 873 40 51 3582 1611 9311 
1 5 4198 1725 203 1756 815 
1 9 4198 202 4078 2661 3975 1853 58 1110 797 
1 5 797 3834 2132 3810 3746 
1 6 9311 1611 702 3034 814 351 
1 11 351 633 2308 2487 3529 310 9312 1158 3526 2808 2340 
1 6 166 2378 1363 3744 2648 2295 
2 14 2295 3794 3805 3282 2868 3838 3847 953 3852 2332 3459 3130 3883 3881 
3 10 2295 3794 23 3282 2718 3841 199 3857 3874 3881 
3 6 3881 3889 3902 3915 2158 943 
1 11 943 2158 3910 3907 3909 3918 2190 3945 3962 1438 1409 
1 4 1409 3992 4001 4007 
5 26 3874 3887 3892 3415 3906 3371 3917 3929 3039 3961 3971 1738 2251 4007 639 9386 9384 1162 4212 4237 4266 1397 4307 4319 4340 18 
1 6 18 4355 156 2021 4288 1085 
1 2 1085 1162 
2 5 18 399 2365 1026 1649 
1 4 1649 1587 2379 4590 
2 4 4590 2355 9409 4765 
1 8 18 4390 2436 1324 4372 2140 9355 339 
1 7 2140 189 4426 196 9430 2535 4494 
1 5 339 4236 9380 768 1902 
2 10 1902 9382 916 4287 9358 9352 1664 9367 64 3465 
1 6 1649 4451 4433 4404 4380 2482 
2 6 3465 1267 1418 1095 4543 4602 
1 3 1095 2277 4449 
1 5 3465 2485 4466 879 4494 
1 4 4494 700 4570 278 
2 7 4602 4632 4672 1296 3042 80 1687 
1 3 1687 717 4902 
1 6 4602 9421 2003 9406 9402 925 
2 5 925 9392 9391 1159 321 
2 7 1687 4771 607 1589 4896 2981 4886 
5 8 18 399 2710 4435 1760 2783 268 4571 
1 5 2140 1531 9437 1506 4406 
5 7 4571 777 9417 9410 1285 4814 2539 
1 5 4765 9401 1285 4814 2539 
1 6 4765 637 4845 4914 2226 508 
1 4 925 3514 9393 4876 
1 3 2873 5052 1467 
5 7 1672 3118 1678 4821 4852 1350 2539 
2 7 321 391 5087 81 9444 2600 2938 
1 4 4876 9397 78 288 
1 6 288 1802 9424 4563 9428 4466 
4 11 2873 475 4876 9393 3514 925 9402 9406 2003 9421 4602 
1 5 508 3028 569 1472 5261 
2 6 5261 2928 5333 5375 1947 5468 
1 5 5468 148 1513 3020 2561 
1 5 2561 5279 658 1144 1467 
2 5 5468 2212 5526 5602 2135 
1 5 2135 5568 1445 686 2088 
1 6 2088 5405 77 581 5257 1220 
2 5 1920 5466 2054 5312 5285 
1 7 2135 5668 2347 5614 5650 5619 1783 
1 3 1783 2654 788 
1 5 788 2654 2427 678 1920 
5 15 5780 1131 5763 5752 5739 5705 2287 5667 5618 5577 5533 104 2054 5312 5285 
2 4 788 881 1933 5790 
2 6 5790 1195 5822 1948 5773 3187 
1 3 3187 2920 1572 
1 2 3187 519 
2 6 519 3075 5769 3309 5766 2203 
2 4 2203 5789 1131 5780 
1 8 5769 5754 5700 1079 1612 376 2897 104 
1 5 3187 5773 891 1079 5667 
1 6 5621 5639 969 5662 1035 5780 
3 4 5780 5777 2213 5840 
1 3 5840 5847 5884 
1 3 5840 3024 5889 
5 8 5780 5777 2781 1928 204 5814 3157 5809 
1 4 5889 3368 5894 20 
1 3 5889 3331 5987 
5 6 5809 5788 1821 5834 3327 1893 
1 9 20 5881 5876 5907 5930 5916 1882 3327 1893 
1 4 1893 3327 5834 3269 
1 5 5987 1001 6051 2898 6111 
1 5 5667 1036 1184 977 1239 
2 4 2938 5243 1596 2127 
1 5 1239 5404 5356 5304 2127 
1 5 2127 1240 73 5090 448 
2 4 4886 1944 5016 448 
2 3 448 3191 5043 
1 3 5621 5608 3417 
1 3 3417 1120 5432 
1 7 5043 974 1934 5006 1830 322 349 
5 7 1893 5803 5772 2839 1342 348 9331 
2 3 349 1911 2560 
1 5 9331 2276 5559 5540 338 
1 5 338 2589 2032 383 349 
1 3 9331 2276 1827 
1 3 2873 475 4876 
5 13 9331 5607 5570 5551 3417 3407 2057 3343 5441 5404 5356 5304 2127 
1 5 9331 5607 5570 5551 3417 
1 6 3417 3407 2057 3343 5441 5404 
1 4 5404 5356 5304 2127 
5 8 1893 2268 5927 5959 5973 1829 3268 6017 
1 7 1893 2268 5927 2055 2931 3500 6017 
1 6 6111 6130 3501 6156 2605 1263 
1 4 1263 6222 2741 6302 
1 6 6302 2322 6237 665 1838 6155 
1 4 6155 1318 1805 6017 
5 5 6017 1633 1666 6067 2515 
1 5 6017 1633 6076 6090 2515 
2 6 6017 5980 1152 5891 5807 1484 
1 11 1484 1746 3193 1468 2375 1241 764 5315 1895 5247 2092 
1 3 2560 5192 2092 
1 4 1534 5901 506 1484 
1 9 1484 5758 566 434 2632 2458 5624 3000 118 
1 7 6302 3365 3361 2398 6347 2737 6379 
1 9 1633 6076 6107 6132 1377 6176 6190 1167 440 
1 7 6379 540 2860 1638 2234 2784 2824 
1 9 2824 2784 2176 6343 6334 6312 3300 3319 440 
1 4 6368 2234 2784 2824 
2 6 2824 6419 6389 6398 2735 1985 
1 9 2824 6447 6485 6511 3054 2018 3014 6622 1871 
2 6 2735 3167 1380 6326 1207 6280 
2 2 6280 6230 
1 3 1985 6442 2431 
2 3 2431 425 6418 
2 4 6418 6437 6463 1874 
1 8 1874 6463 6437 6396 6377 6348 1054 6280 
1 4 2431 6474 1635 928 
1 2 928 1496 
1 4 928 1028 2257 1874 
1 4 3310 6656 6644 2256 
1 3 2256 6635 1871 
1 6 2256 214 6608 6617 6607 6604 
1 3 1964 1764 176 
3 4 1964 6623 6605 1862 
1 7 3310 6656 1311 6653 2288 141 176 
3 5 1862 6588 6575 6551 6538 
2 6 1862 6588 6566 6550 6544 723 
2 4 723 6532 6523 6475 
1 6 6604 3376 6598 6596 6600 1862 
1 3 1964 6609 6596 
1 11 928 6556 2392 6554 6546 6541 6525 6507 6501 6488 6482 
1 3 6538 6530 6525 
1 3 6525 6504 6492 
1 2 6538 6550 
1 8 6575 6568 6576 6590 6591 6598 3376 6604 
1 4 176 2022 198 6654 
3 2 6618 1862 
2 5 6654 6650 6640 6631 6618 
3 5 6618 2401 6629 1250 547 
2 7 547 159 2475 1953 2069 6662 1900 
1 5 547 344 6645 6652 3266 
1 8 1900 6672 6668 679 3451 461 2230 6676 
1 3 6676 2731 6675 
1 7 6675 6673 6671 6664 6648 2338 2401 
1 4 6675 263 3506 6670 
1 3 6670 2022 176 
1 3 6604 1390 6627 
1 12 6604 3376 1967 6577 2352 6562 6561 6540 6530 6519 6515 3297 
1 3 1874 2304 6492 
1 4 6492 6476 6491 6478 
1 4 6478 6501 6488 6482 
4 2 6484 6506 
4 8 6506 6500 6497 6509 3058 6449 6471 6484 
1 3 6475 6506 6484 
3 3 6482 6421 6484 
2 6 6428 2677 6468 6482 6481 6421 
2 2 3297 6481 
1 3 6421 6467 2502 
1 4 6509 6497 6500 6484 
5 8 2660 6332 2874 6392 6411 6444 6450 6484 
3 6 6450 6434 6406 6395 3121 2874 
5 6 6509 6503 6480 1231 6499 6487 
3 4 6496 6521 6518 6509 
3 4 6496 6539 6520 2065 
1 3 6521 6531 6548 
1 3 6471 6444 6434 
3 3 6471 6433 6409 
2 3 6449 2746 6409 
3 7 6449 6455 3148 6425 3396 6408 6417 
2 2 6444 6410 
3 5 3396 6387 3069 6331 97 
2 5 97 6285 9314 2892 2775 
1 4 6375 6391 6402 6410 
1 3 6409 1969 6388 
2 16 3396 6388 6375 6365 6353 2874 3121 1813 6376 6381 6399 6422 6440 6461 6476 6492 
1 5 6428 6400 6381 1588 6351 
2 4 6375 6359 6349 1432 
1 4 1432 6321 6304 6286 
2 5 3069 6324 1376 1836 2524 
1 6 6286 3138 6265 3320 6246 2524 
1 5 6286 3138 6294 6313 1432 
1 4 6351 6335 2339 6287 
2 5 6287 6272 741 938 6206 
1 3 6286 6308 2660 
2 6 6286 2210 6255 6232 6214 1721 
5 6 6201 6189 6169 6153 2932 6102 
1 5 2524 976 6212 6203 6174 
1 6 1721 1421 557 6146 1896 6102 
1 4 6174 6177 1975 6133 
1 5 6174 6163 3140 6144 557 
2 5 6102 6091 6064 6041 441 
1 2 441 2034 
1 4 557 6144 6131 6091 
5 5 6102 6091 6064 6041 441 
2 3 487 6188 6180 
1 5 6180 2399 2909 537 6197 
1 3 6197 1545 6230 
2 4 6197 6194 1150 6181 
1 3 6134 3199 6181 
1 5 6197 2521 594 6151 6134 
1 3 6229 6209 6201 
1 8 6476 6456 6439 6407 3200 6369 2103 6351 
1 5 1054 1207 1333 6253 6227 
5 16 2660 6305 2460 2852 6278 6287 6279 6268 6264 6243 2804 1545 2387 1150 1945 6181 
5 5 2852 6247 6229 6209 6201 
1 4 6241 509 6206 6201 
1 2 487 6206 
5 8 6181 462 6140 1483 6118 6141 1653 1096 
5 4 2515 6095 1651 1096 
2 11 6181 6193 675 2562 420 6141 1653 1096 1651 6095 2515 
1 3 6210 2637 675 
1 3 6227 2916 883 
2 3 6134 6104 6068 
1 5 6068 683 6050 1320 5978 
1 3 5978 5950 1534 
2 5 6180 721 6139 3477 2077 
1 3 6139 6147 1114 
1 3 1114 3458 2077 
1 5 6068 1160 132 6020 1719 
1 5 2077 2912 6034 1252 1719 
2 6 2077 3458 1444 418 6046 2034 
4 8 441 2984 171 5947 354 5827 495 1171 
5 11 5285 2405 1220 1614 392 5101 1467 5037 4974 791 1672 
1 5 1220 1614 392 5101 1467 
3 5 2034 114 2122 236 5887 
1 6 5887 523 3019 3078 672 722 
4 24 441 5985 2570 1048 1517 5786 325 3019 3078 672 722 5454 290 5409 3502 246 5303 1310 5246 2369 1498 3015 1916 2092 
1 4 118 5454 662 1663 
2 8 2092 5247 1732 641 2199 5293 5303 246 
1 4 2186 230 2283 1663 
1 3 2186 1009 2179 
1 4 246 3435 1592 5260 
1 8 2092 5143 5131 902 5220 2334 3 5260 
1 3 5293 1310 5220 
1 7 5299 2923 5229 959 5245 1688 5260 
1 6 5229 2998 786 912 1751 3296 
4 11 3296 2690 494 5268 5299 1050 389 2179 9300 2035 1171 
2 8 3296 1368 5027 1211 5019 5035 3208 2005 
1 4 1663 150 896 959 
1 5 2122 1048 1412 5783 1537 
1 2 2179 3419 
1 6 2179 9300 761 1277 827 9462 
2 7 3510 5311 201 1300 5501 5552 9462 
2 4 3510 5237 711 3296 
2 3 1290 548 5682 
2 6 1290 2833 6004 2258 6077 6109 
1 6 5827 2348 556 3524 6042 2258 
2 5 2583 1683 5745 5682 3340 
2 6 2583 5871 3180 5867 5818 5833 
1 13 548 5801 260 9459 1892 1266 5976 287 1776 2358 1907 2537 6108 
2 5 6109 6119 1831 6185 3277 
1 3 3277 1082 2628 
2 4 97 6285 6258 1233 
2 3 1233 1062 3277 
1 10 6109 551 6117 6138 505 1870 247 1010 831 6323 
5 11 6487 6502 6490 6459 2462 6429 3101 6426 6427 2770 3158 
4 9 6323 598 1590 9451 1029 1897 6477 2498 3158 
4 5 6323 2459 395 3264 3400 
1 7 341 839 6225 1044 1810 9326 6319 
1 8 598 6325 2862 482 6358 6404 6427 6452 
2 4 2065 3480 2261 2496 
2 4 2065 3480 6553 6535 
1 6 6535 6517 1093 6453 6452 3158 
1 5 3158 2498 6477 1897 1029 
2 10 6149 2544 2687 6167 412 2441 1890 1565 6224 1074 
1 3 1108 3340 9462 
4 8 3296 1368 1768 1111 2419 9471 1695 2005 
4 5 2005 835 4958 4924 4891 
2 4 2005 843 5141 5158 
1 6 2005 220 5142 5178 9486 1248 
1 3 4891 1521 3041 
1 4 4891 3374 1497 486 
4 6 4891 2466 4869 1839 1494 1628 
1 2 1521 2771 
1 7 301 9469 1339 455 9487 1942 5158 
1 6 6455 6458 6473 3223 6466 6469 
1 6 1093 6465 6459 6490 6483 6469 
1 3 6417 512 6431 
1 4 6459 6431 1451 3445 
1 3 3445 6320 97 
1 3 6417 6383 3445 
1 8 6431 6420 6405 221 6380 2825 2357 6404 
1 6 6108 6093 2360 2438 3076 6083 
2 7 6083 643 3518 6122 2979 9455 2857 
1 3 2857 186 9290 
2 4 2097 5945 5941 3246 
2 4 2097 5957 5961 1177 
1 4 2097 5989 350 6002 
1 6 6122 6063 6030 6015 6003 2097 
1 4 5866 5883 1282 5914 
1 3 1282 5836 1894 
1 2 1894 1875 
1 4 1894 5792 5774 5761 
2 5 5723 5719 5727 5708 5696 
1 6 1177 1568 5856 5817 3442 3103 
2 3 5696 1121 5714 
1 3 3103 5741 5714 
2 4 5714 618 5750 5757 
3 9 5723 5713 5707 5712 2742 9336 9339 3389 1187 
2 5 5651 5629 5606 826 3437 
1 7 3271 3481 5638 5613 2469 2168 5623 
1 4 5613 5644 5669 2742 
2 4 3437 5547 2646 3079 
2 5 5750 5724 3080 1898 3079 
1 4 3079 2516 5558 9291 
1 5 9291 5514 5450 187 241 
2 7 5833 5852 182 5826 3102 5765 5757 
1 7 1898 1857 628 5642 3204 5593 5544 
1 5 5544 319 1807 9467 301 
3 4 1187 5698 2416 2982 
3 3 2982 5718 5764 
2 4 5764 5806 5841 352 
1 7 352 5925 5982 2752 6053 644 6081 
2 14 352 5925 5932 2988 3393 381 1178 6008 865 5999 1940 1625 779 6038 
2 4 6038 48 591 2505 
1 6 352 5841 1711 2802 1581 5664 
1 6 2982 2117 539 5633 5637 9340 
1 2 5664 5637 
1 2 2802 5815 
5 12 2097 5945 5920 5898 5866 5848 5816 5796 5778 5761 698 5723 
5 17 5723 5699 2796 3271 5651 5623 2168 5575 1899 1420 5412 2593 1932 5353 5362 674 5408 
1 4 3437 5527 2014 1420 
1 4 2014 5471 2011 860 
2 5 2982 2117 3424 5557 2483 
2 4 2483 5494 1609 5408 
1 5 5557 2855 5513 1996 674 
5 7 5408 1281 1491 5392 1261 5323 2422 
3 7 5408 2692 5349 5392 9335 9334 2422 
1 5 9334 9333 1851 2638 5258 
1 6 5258 5259 1543 3322 5274 1932 
1 3 3322 5139 2761 
1 2 5557 5565 
2 3 2159 95 2761 
2 9 2761 5120 2317 1809 1507 2573 4901 4910 4887 
1 5 4887 255 2625 2817 133 
1 4 133 869 5236 5284 
2 5 4887 2594 4862 4805 783 
2 4 783 3094 4855 1628 
1 5 1628 4888 361 4984 842 
2 7 1628 353 2551 1556 4760 4708 169 
1 4 169 579 1246 9302 
4 14 3400 2996 3031 6319 918 6254 1927 1074 6135 9288 6149 2554 6105 6122 
5 6 6122 6063 6030 6015 6003 2097 
2 18 2505 2643 1155 9347 605 2845 2030 5874 1551 816 1954 377 731 5631 1971 5511 5549 1013 
1 2 5549 1154 
1 9 1013 5554 5581 5603 2671 2391 5604 5596 2142 
1 2 2391 5640 
1 2 1013 5451 
1 3 2142 5622 739 
2 4 5622 1189 3350 3317 
2 3 3317 5543 178 
2 4 178 1109 170 5582 
1 4 3350 1620 2810 5664 
2 2 178 459 
1 4 459 3002 5464 5439 
1 5 1013 2507 2827 5489 5474 
1 6 5474 2244 9274 309 5477 1013 
1 3 5474 5438 6787 
1 4 5438 5410 1757 5411 
3 9 5474 5481 5461 5462 312 5442 5445 3367 5435 
2 5 5411 5420 5401 5396 5416 
1 3 5401 5421 5445 
3 6 5435 5422 5397 5381 2489 5351 
4 10 5351 5336 1434 2631 318 5232 5227 5219 5218 5240 
2 9 5351 5366 5371 5377 5398 1712 5391 5399 1153 
2 7 5416 5390 5383 5374 5358 5348 5351 
1 3 5358 5341 5347 
1 3 5439 5402 5397 
1 2 5397 5374 
1 4 5390 5376 5360 2744 
2 7 1434 5319 5326 5345 2927 5330 5335 
1 2 1434 2336 
1 3 5422 5446 5485 
1 7 5485 5484 5506 1795 5561 3166 5604 
1 5 1795 5520 1482 3429 5442 
5 12 5336 5340 5345 2927 5330 5335 5337 5320 5322 5338 9490 2422 
2 2 1153 113 
1 4 5361 5417 5500 1238 
3 7 2422 5282 5262 5235 5213 5197 5224 
1 2 2422 2563 
2 3 5224 5183 99 
2 8 99 1834 5073 5046 5017 4983 4957 9345 
2 3 9345 534 373 
2 6 9345 9346 3202 4859 3454 4866 
2 6 4866 2129 436 1344 5018 2159 
2 3 3454 877 2371 
1 4 2371 1273 4656 175 
1 5 175 4640 4618 1253 4601 
1 4 5336 5319 1256 5276 
1 2 2336 5276 
1 4 5276 5267 5254 5233 
4 5 5240 5211 897 5162 2232 
4 5 2232 2848 5041 2023 1767 
2 4 5240 3311 2717 2232 
2 4 2631 2010 5248 5240 
1 4 373 586 4890 3294 
1 8 3294 2936 1188 5007 2404 5024 5045 5041 
1 9 5233 5212 5188 5166 5115 409 2676 2006 1188 
1 7 409 1785 5110 3105 5171 897 3311 
2 15 373 2668 1974 4722 357 4750 3258 4793 4802 4832 1591 1477 4885 3044 1767 
1 5 4722 4676 4655 1208 4601 
2 9 4601 4569 4519 2876 4482 4456 2197 1650 2303 
4 14 1767 3007 3257 4806 496 2141 4738 4726 4725 4706 4668 4644 4650 560 
2 13 1767 3178 223 101 4746 992 4670 4654 4625 200 4562 738 2519 
1 4 496 4739 1868 4670 
2 4 4806 447 513 4749 
2 3 4749 404 4757 
2 5 4757 4742 4705 1358 560 
1 5 4670 4645 4620 1777 2367 
1 7 4818 6766 6759 4736 4694 1388 560 
4 9 560 4635 4615 2806 4573 2294 4585 2 2872 
2 3 560 1388 1552 
1 8 560 1388 264 3037 1976 4608 1106 2 
2 7 4615 4587 4557 4490 333 3420 2136 
2 5 4644 3382 1914 3022 2519 
1 8 2519 4474 3308 454 4441 4429 9273 2136 
1 5 2519 4493 183 2580 1779 
1 2 2367 2580 
1 4 1779 4476 1538 2303 
1 2 1779 962 
2 5 2303 4392 2749 1488 2684 
1 7 2684 4311 438 3228 3293 3168 4232 
2 8 2136 4373 4352 4322 2803 98 4257 4232 
4 16 2872 335 3016 2618 2577 12 1782 848 3142 296 3485 4370 2188 4331 3099 4327 
2 5 2872 335 3016 4505 2577 
3 7 2577 4469 983 4424 2236 4436 2395 
3 4 2395 2887 4350 4327 
1 12 4327 3099 4331 3408 4321 4318 4324 917 4294 4332 1736 1375 
1 2 1375 179 
1 6 179 4345 2959 3468 91 4470 
1 3 4470 4485 2872 
1 5 2136 1355 2815 252 3012 
1 3 179 2271 3012 
1 4 4232 2048 521 931 
4 3 4327 2681 4310 
2 5 4310 4286 4302 2706 991 
2 5 991 4357 2962 961 1597 
1 5 1597 2907 9269 4224 4208 
4 13 4310 4286 1665 4281 1193 1037 1749 990 4217 701 4189 2178 1433 
2 5 4208 3161 4167 1433 4145 
1 5 1433 4167 4193 2214 1210 
2 5 1210 4098 1399 4065 1741 
4 8 1433 4135 2319 4100 4085 1399 4065 1741 
1 6 1399 4055 2316 316 4012 3985 
3 2 1741 4084 
2 10 1741 4028 3004 2953 3972 758 1913 2567 3952 3985 
2 3 3985 866 3499 
1 6 4145 1431 4146 861 3401 4112 
1 4 991 1037 4253 1759 
1 7 4112 4123 4142 2994 4108 2785 4061 
2 8 3499 2310 4021 1315 1163 4026 2785 4061 
2 4 4061 2847 1566 1396 
2 7 1396 4056 987 752 4072 3233 4064 
1 8 3012 3321 2089 638 4176 854 2664 4099 
2 3 931 44 4099 
2 6 4099 3426 4079 596 4075 4064 
1 4 3426 635 1941 931 
1 2 4232 4206 
2 4 4818 965 3131 3137 
1 5 3137 4899 4956 5028 2597 
2 5 2597 1704 5217 5250 5275 
1 2 5250 5266 
1 10 5275 5301 5328 468 5386 955 5406 1723 121 5415 
1 9 5275 3346 1473 1034 3366 3273 1428 5033 5004 
2 4 4818 4812 2790 4817 
2 4 4817 4865 267 2621 
2 3 2621 5004 627 
1 6 4865 801 4880 415 2606 4818 
2 7 627 5097 1748 2033 5082 5134 695 
1 2 695 5074 
1 3 695 5190 3049 
1 2 3049 5325 
1 5 5074 5071 2187 5003 1542 
2 9 1542 979 5070 5 2306 5056 5038 1423 5102 
2 6 5102 851 5032 742 4903 1990 
1 3 5102 1726 5069 
1 3 1990 453 3335 
2 8 3335 1828 4657 3416 821 4596 1201 546 
1 6 3416 2143 4716 3126 1837 546 
2 3 546 2902 449 
2 6 449 226 4540 1205 4556 1617 
2 5 1617 2709 1349 4718 3378 
2 5 3378 2309 4786 4816 1700 
1 4 1700 2658 4853 4817 
4 15 4084 706 3132 2756 4083 4076 4071 3210 2595 4045 2274 4052 4051 4050 4035 
1 2 4017 4035 
2 13 3132 2756 2716 4036 429 3993 1690 3472 1613 2200 2576 4025 4017 
1 4 429 4020 3210 2041 
2 8 3279 2729 4183 1123 4125 4115 1859 3132 
1 2 429 957 
4 6 4035 4047 4062 3188 2890 4166 
2 5 4138 2890 1284 1174 4102 
1 6 4035 4050 2641 2672 405 3265 
2 3 2041 2451 2202 
1 3 2041 4104 2453 
1 5 1859 2739 1417 4121 2453 
1 6 1123 4153 4162 1784 4156 2453 
1 2 2202 3265 
2 6 4035 4050 2548 4097 4120 1242 
2 4 3265 4151 4141 1242 
1 3 1242 4144 4138 
1 3 4144 1230 4166 
1 5 4166 2956 4187 922 2080 
4 9 4166 4199 2098 4242 2582 4276 3395 2359 4366 
2 4 4166 4199 4207 2080 
1 4 4166 4181 2439 4216 
1 4 4216 2239 1204 4252 
1 6 4252 4238 2588 4197 3283 4156 
1 8 4017 4004 2346 2541 1924 3989 3984 2653 
1 3 2653 3980 3966 
1 7 3966 3979 2107 825 4049 4082 4102 
2 3 4102 1758 2773 
2 4 2773 125 4094 4111 
2 6 4111 4133 1548 2697 4180 2208 
1 5 4094 4081 451 1040 4057 
1 3 2107 1539 1772 
1 3 451 3492 1772 
1 2 4180 2307 
1 4 2307 2061 4256 4285 
2 4 2208 600 2396 1884 
1 5 2208 600 1632 4148 1884 
1 4 2208 4114 1575 4057 
1 5 1772 863 3968 995 1970 
1 8 1970 89 3951 2007 3073 4005 4031 4057 
2 3 3279 4223 2970 
2 3 2970 4291 4314 
2 5 4314 2972 4358 968 2882 
2 4 2882 4395 2869 126 
2 6 126 2402 834 4506 2116 876 
2 5 876 2223 147 3160 4693 
1 8 2869 4409 1677 2250 3048 1117 1915 4252 
1 9 126 2402 1081 4513 989 2467 2657 4480 4496 
1 4 4496 762 2385 2029 
2 8 4693 4673 4712 1236 1259 2026 4692 1429 
1 4 1429 3504 4825 4850 
2 7 4850 1012 4883 2373 2533 4964 2337 
2 10 2337 4944 4921 3238 4916 2053 4877 4897 1042 2805 
1 4 4877 2896 4795 1309 
2 6 2337 1351 5055 2068 2265 3216 
1 4 3216 2327 2732 5180 
1 3 5180 2722 3260 
1 3 1309 4745 4687 
1 4 664 744 3345 4366 
1 3 664 4431 4472 
4 14 4366 4377 543 2540 4407 413 4444 1090 3177 1452 273 1623 2167 1642 
3 7 4366 4377 543 2540 4428 413 483 
2 5 543 3349 4384 4365 6746 
2 5 483 4438 894 4443 273 
1 7 483 4444 1090 1053 2940 921 4584 
1 5 4584 1801 4595 4606 4597 
4 8 1642 2421 3225 4544 1366 1522 2512 900 
1 2 3225 4483 
1 4 3225 3036 4533 1470 
2 4 1470 1769 4684 900 
2 6 900 3403 1626 485 576 2669 
1 6 2669 4947 1582 2911 4873 4833 
1 6 343 2840 4735 630 4723 2353 
1 2 2353 4687 
1 5 4687 1076 2452 4592 4584 
2 3 343 4783 900 
1 7 2805 1728 2526 1361 3116 4767 343 
1 8 270 6572 9450 549 6580 626 6513 1029 
1 3 918 6250 1890 
2 5 113 5361 5338 9490 2422 
1 3 6794 2822 1875 
