1 2 
1 18 
1 20 
1 81 
1 97 
1 99 
1 118 
1 126 
1 132 
1 133 
1 166 
1 169 
1 175 
1 176 
1 178 
1 179 
1 196 
1 200 
1 201 
1 241 
1 247 
1 270 
1 273 
1 278 
1 288 
1 301 
1 321 
1 338 
1 339 
1 341 
1 343 
1 349 
1 351 
1 352 
1 373 
1 409 
1 418 
1 429 
1 440 
1 441 
1 449 
1 451 
1 468 
1 483 
1 486 
1 487 
1 508 
1 546 
1 556 
1 557 
1 560 
1 641 
1 664 
1 718 
1 722 
1 723 
1 739 
1 783 
1 788 
1 797 
1 798 
1 815 
1 816 
1 831 
1 842 
1 860 
1 876 
1 882 
1 883 
1 900 
1 928 
1 943 
1 959 
1 1013 
1 1029 
1 1074 
1 1079 
1 1084 
1 1093 
1 1095 
1 1096 
1 1108 
1 1123 
1 1153 
1 1154 
1 1171 
1 1177 
1 1184 
1 1187 
1 1210 
1 1220 
1 1233 
1 1238 
1 1241 
1 1242 
1 1248 
1 1252 
1 1263 
1 1290 
1 1309 
1 1320 
1 1339 
1 1361 
1 1366 
1 1396 
1 1409 
1 1412 
1 1429 
1 1432 
1 1433 
1 1466 
1 1467 
1 1470 
1 1484 
1 1496 
1 1534 
1 1537 
1 1542 
1 1552 
1 1572 
1 1591 
1 1597 
1 1617 
1 1628 
1 1642 
1 1649 
1 1663 
1 1664 
1 1672 
1 1700 
1 1721 
1 1741 
1 1759 
1 1767 
1 1772 
1 1784 
1 1795 
1 1800 
1 1827 
1 1828 
1 1862 
1 1871 
1 1874 
1 1875 
1 1884 
1 1892 
1 1893 
1 1900 
1 1902 
1 1920 
1 1924 
1 1932 
1 1964 
1 1970 
1 1990 
1 2007 
1 2014 
1 2029 
1 2034 
1 2041 
1 2065 
1 2077 
1 2080 
1 2088 
1 2092 
1 2097 
1 2127 
1 2135 
1 2136 
1 2140 
1 2142 
1 2159 
1 2179 
1 2186 
1 2197 
1 2199 
1 2202 
1 2208 
1 2232 
1 2256 
1 2258 
1 2295 
1 2303 
1 2307 
1 2336 
1 2337 
1 2340 
1 2353 
1 2358 
1 2371 
1 2391 
1 2395 
1 2422 
1 2431 
1 2453 
1 2467 
1 2482 
1 2483 
1 2496 
1 2502 
1 2505 
1 2519 
1 2524 
1 2539 
1 2560 
1 2561 
1 2562 
1 2577 
1 2580 
1 2583 
1 2597 
1 2607 
1 2621 
1 2628 
1 2631 
1 2632 
1 2646 
1 2660 
1 2669 
1 2672 
1 2684 
1 2687 
1 2735 
1 2742 
1 2744 
1 2761 
1 2771 
1 2773 
1 2775 
1 2803 
1 2805 
1 2810 
1 2824 
1 2825 
1 2857 
1 2862 
1 2869 
1 2872 
1 2873 
1 2874 
1 2882 
1 2970 
1 2982 
1 2994 
1 3012 
1 3019 
1 3048 
1 3049 
1 3054 
1 3058 
1 3069 
1 3103 
1 3121 
1 3132 
1 3137 
1 3158 
1 3187 
1 3193 
1 3207 
1 3216 
1 3260 
1 3266 
1 3269 
1 3279 
1 3294 
1 3296 
1 3297 
1 3310 
1 3317 
1 3322 
1 3343 
1 3366 
1 3378 
1 3393 
1 3396 
1 3400 
1 3417 
1 3419 
1 3426 
1 3437 
1 3445 
1 3451 
1 3472 
1 3499 
1 3510 
1 3517 
1 3598 
1 3658 
1 3746 
1 3819 
1 3881 
1 3966 
1 3972 
1 3985 
1 4007 
1 4017 
1 4035 
1 4057 
1 4061 
1 4064 
1 4084 
1 4102 
1 4111 
1 4112 
1 4138 
1 4145 
1 4166 
1 4198 
1 4202 
1 4206 
1 4208 
1 4216 
1 4232 
1 4252 
1 4285 
1 4294 
1 4314 
1 4366 
1 4406 
1 4449 
1 4469 
1 4470 
1 4472 
1 4483 
1 4494 
1 4496 
1 4571 
1 4584 
1 4590 
1 4597 
1 4601 
1 4602 
1 4615 
1 4670 
1 4687 
1 4693 
1 4722 
1 4749 
1 4757 
1 4765 
1 4817 
1 4818 
1 4833 
1 4850 
1 4866 
1 4876 
1 4886 
1 4887 
1 4891 
1 4902 
1 5019 
1 5024 
1 5035 
1 5043 
1 5074 
1 5102 
1 5158 
1 5180 
1 5220 
1 5224 
1 5233 
1 5240 
1 5258 
1 5260 
1 5261 
1 5266 
1 5275 
1 5284 
1 5285 
1 5322 
1 5335 
1 5336 
1 5347 
1 5351 
1 5362 
1 5391 
1 5397 
1 5404 
1 5408 
1 5411 
1 5415 
1 5416 
1 5432 
1 5438 
1 5439 
1 5445 
1 5468 
1 5474 
1 5485 
1 5513 
1 5544 
1 5577 
1 5582 
1 5604 
1 5623 
1 5650 
1 5662 
1 5664 
1 5696 
1 5723 
1 5750 
1 5764 
1 5769 
1 5780 
1 5790 
1 5796 
1 5809 
1 5815 
1 5833 
1 5840 
1 5884 
1 5887 
1 5914 
1 5987 
1 6002 
1 6038 
1 6068 
1 6081 
1 6083 
1 6102 
1 6108 
1 6109 
1 6111 
1 6117 
1 6118 
1 6122 
1 6132 
1 6133 
1 6134 
1 6135 
1 6139 
1 6155 
1 6174 
1 6180 
1 6181 
1 6189 
1 6197 
1 6206 
1 6210 
1 6227 
1 6230 
1 6232 
1 6241 
1 6280 
1 6286 
1 6287 
1 6294 
1 6302 
1 6319 
1 6323 
1 6348 
1 6351 
1 6368 
1 6369 
1 6375 
1 6379 
1 6406 
1 6409 
1 6410 
1 6411 
1 6417 
1 6418 
1 6421 
1 6428 
1 6434 
1 6449 
1 6455 
1 6459 
1 6469 
1 6471 
1 6475 
1 6478 
1 6484 
1 6487 
1 6496 
1 6500 
1 6506 
1 6509 
1 6521 
1 6525 
1 6535 
1 6548 
1 6596 
1 6604 
1 6627 
1 6654 
1 6670 
1 6671 
1 6676 
1 6746 
1 9290 
1 9291 
1 9300 
1 9302 
1 9311 
1 9331 
1 9335 
1 9336 
1 9345 
1 9347 
